124.2
113.5
180.5
122.4
72.4
81.3
176.8
89.9
5.5
133.9
186.0
71.6
42.4
69.1
63.3
50.2
41.7
50.8
11.5
22.8
198.2
82.5
57.9
33.2
47.7
65.7
20.0
55.5
125.7
164.0
112.0
112.4
89.1
54.1
18.8
47.3
126.5
105.8
120.9
140.5
68.6
51.9
108.4
178.7
5.1
30.6
161.1
9.2
98.0
20.9
111.2
155.9
163.6
5.4
23.6
41.7
55.6
147.3
74.7
6.7
61.3
121.4
164.1
41.4
21.9
73.7
182.5
188.3
50.3
16.0
123.6
135.9
129.9
71.0
154.2
146.3
174.2
79.2
28.1
17.1
104.6
10.9
157.4
104.8
52.8
156.1
148.8
83.6
30.5
177.1
191.7
179.2
31.1
114.2
79.2
147.3
87.8
66.9
156.8
131.4
124.2
113.5
180.5
122.4
72.4
81.3
176.8
89.9
5.5
133.9
186.0
71.6
42.4
69.1
63.3
50.2
41.7
50.8
11.5
22.8
198.2
82.5
57.9
33.2
47.7
65.7
20.0
55.5
125.7
164.0
112.0
112.4
89.1
54.1
18.8
47.3
126.5
105.8
120.9
140.5
68.6
51.9
108.4
178.7
5.1
30.6
161.1
9.2
98.0
20.9
111.2
155.9
163.6
5.4
23.6
41.7
55.6
147.3
74.7
6.7
61.3
121.4
164.1
41.4
21.9
73.7
182.5
188.3
50.3
16.0
123.6
135.9
129.9
71.0
154.2
146.3
174.2
79.2
28.1
17.1
104.6
10.9
157.4
104.8
52.8
156.1
148.8
83.6
30.5
177.1
191.7
179.2
31.1
114.2
79.2
147.3
87.8
66.9
156.8
131.4
124.2
113.5
180.5
122.4
72.4
81.3
176.8
89.9
5.5
133.9
186.0
71.6
42.4
69.1
63.3
50.2
41.7
50.8
11.5
22.8
198.2
82.5
57.9
33.2
47.7
65.7
20.0
55.5
125.7
164.0
112.0
112.4
89.1
54.1
18.8
47.3
126.5
105.8
120.9
140.5
68.6
51.9
108.4
178.7
5.1
30.6
161.1
9.2
98.0
20.9
111.2
155.9
163.6
5.4
23.6
41.7
55.6
147.3
74.7
6.7
61.3
121.4
164.1
41.4
21.9
73.7
182.5
188.3
50.3
16.0
123.6
135.9
129.9
71.0
154.2
146.3
174.2
79.2
28.1
17.1
104.6
10.9
157.4
104.8
52.8
156.1
148.8
83.6
30.5
177.1
191.7
179.2
31.1
114.2
79.2
147.3
87.8
66.9
156.8
131.4
122.4
72.4
81.3
176.8
89.9
5.5
133.9
186.0
71.6
42.4
69.1
63.3
50.2
41.7
50.8
11.5
22.8
198.2
82.5
57.9
33.2
47.7
65.7
20.0
55.5
125.7
164.0
112.0
112.4
89.1
54.1
18.8
47.3
126.5
105.8
120.9
140.5
68.6
51.9
108.4
178.7
5.1
30.6
161.1
9.2
98.0
20.9
111.2
155.9
163.6
5.4
23.6
41.7
55.6
147.3
74.7
6.7
61.3
121.4
164.1
41.4
21.9
73.7
182.5
188.3
50.3
16.0
123.6
135.9
129.9
71.0
154.2
146.3
174.2
79.2
28.1
17.1
104.6
10.9
157.4
104.8
52.8
156.1
148.8
83.6
30.5
177.1
191.7
179.2
31.1
114.2
79.2
147.3
87.8
66.9
156.8
131.4
153.8
84.1
68.2